student_id;course_id
1;17
1;165
1;24
2;32
2;16
2;132
2;71
2;156
2;14
2;79
2;15
3;32
3;16
3;132
3;71
3;156
3;14
3;79
4;32
4;16
4;132
4;71
4;9
4;156
4;14
4;79
5;32
5;16
5;132
5;71
5;14
5;62
5;79
5;15
6;32
6;16
6;132
6;71
6;135
6;155
6;14
6;79
7;32
7;16
7;132
7;71
7;9
7;155
7;14
7;79
8;32
8;16
8;132
8;71
8;156
8;14
8;79
8;15
9;32
9;16
9;132
9;71
9;135
9;155
9;14
9;79
10;32
10;16
10;132
10;71
10;14
10;62
10;79
11;32
11;16
11;132
11;71
11;155
11;14
11;79
11;15
12;32
12;16
12;132
12;71
12;155
12;14
12;79
13;32
13;16
13;132
13;71
13;135
13;156
13;14
13;79
14;32
14;16
14;132
14;71
14;135
14;14
14;62
14;79
15;32
15;16
15;132
15;71
15;9
15;14
15;62
15;79
16;32
16;16
16;132
16;71
16;9
16;14
16;62
16;79
17;96
17;34
17;86
17;42
17;59
18;64
18;115
18;147
18;5
18;103
18;121
18;27
18;63
19;17
19;165
19;88
19;24
19;171
19;45
20;17
20;18
20;88
20;24
20;45
21;17
21;24
21;125
21;93
21;45
22;17
22;88
22;24
22;45
23;17
23;99
23;88
23;24
23;93
23;45
24;51
24;68
24;5
24;133
24;6
24;7
24;42
24;27
24;59
24;143
24;63
25;64
25;49
25;146
25;51
25;4
25;5
25;53
25;42
25;27
25;59
25;108
26;17
26;18
26;85
26;87
26;25
26;89
26;42
26;91
26;108
26;125
26;46
27;180
27;6
27;105
27;27
27;14
27;62
27;79
28;64
28;131
28;134
28;75
28;76
29;17
29;99
29;165
29;88
29;10
29;45
29;46
30;49
30;115
30;68
30;117
30;6
30;70
30;125
30;14
30;63
31;117
31;134
32;64
32;32
32;83
33;96
33;64
33;34
33;185
33;59
34;17
34;165
34;88
34;24
34;45
35;100
35;56
36;17
36;18
36;19
36;35
36;21
36;9
36;158
36;47
37;64
38;7
38;153
39;17
39;165
39;88
39;24
39;45
40;17
40;165
40;88
40;186
40;92
40;45
40;126
41;17
41;99
41;85
41;165
41;88
41;24
41;171
41;45
42;17
42;99
42;165
42;88
42;24
42;45
43;17
43;99
43;165
43;88
43;24
43;92
43;45
44;17
44;163
44;165
44;88
44;24
44;45
45;161
45;123
45;140
45;92
45;93
45;46
46;17
46;24
46;91
46;44
46;45
47;17
47;90
47;10
47;140
48;85
48;53
48;133
48;105
48;158
49;17
49;163
49;99
49;165
49;88
49;24
49;45
50;64
50;32
50;146
50;53
50;6
50;38
50;9
50;10
50;43
50;158
51;146
51;178
51;99
51;5
51;102
51;183
51;27
51;125
51;158
52;49
52;152
52;154
52;42
52;27
52;59
53;17
53;99
53;24
53;91
53;44
53;93
53;45
53;110
54;17
54;88
54;24
54;45
55;17
55;99
55;180
55;117
55;167
55;137
55;10
55;92
55;125
55;93
55;46
56;17
56;18
56;102
56;24
56;93
56;46
57;69
57;151
57;72
57;73
57;108
58;17
58;18
58;117
58;102
58;24
58;123
58;93
58;46
59;16
59;53
59;71
60;99
60;92
60;93
60;46
61;24
61;108
61;92
61;93
61;45
61;46
62;32
62;48
62;17
62;18
62;21
62;10
62;92
63;32
63;48
63;162
63;117
63;21
63;85
63;27
63;108
63;92
64;114
64;163
64;21
64;24
64;125
64;93
64;158
65;49
65;180
65;7
65;167
65;136
65;10
65;171
66;42
66;158
67;161
67;19
67;35
68;40
69;64
69;49
69;68
69;59
70;17
70;99
70;165
70;88
70;44
70;45
70;46
71;85
71;104
71;106
71;172
71;109
71;93
71;46
72;42
72;10
72;108
73;17
73;24
73;92
73;93
73;46
74;17
74;165
74;88
74;186
74;91
74;45
74;126
75;102
75;89
75;108
75;92
75;125
75;93
75;46
76;134
77;99
77;24
78;17
78;146
78;117
78;102
78;167
78;90
78;10
78;123
78;171
78;140
78;93
78;46
79;80
79;25
80;17
80;165
80;88
80;24
80;91
80;92
80;46
81;17
81;178
81;117
81;90
81;140
81;93
81;46
82;151
83;125
84;17
84;173
84;93
85;80
85;97
85;50
85;178
85;67
85;132
85;167
85;109
85;93
85;110
86;161
86;146
86;123
86;171
86;93
87;49
87;114
87;105
87;10
87;59
87;110
88;17
88;118
88;88
88;91
88;92
88;45
88;95
89;112
89;161
89;146
89;99
90;17
90;18
90;99
90;165
90;88
90;47
91;161
91;97
91;4
91;87
91;23
91;108
91;31
92;17
92;99
92;85
92;165
92;167
92;88
92;24
92;171
92;45
93;137
94;32
94;16
94;83
94;84
94;132
94;71
94;14
94;62
94;79
95;18
95;23
95;25
95;10
95;123
95;27
95;171
95;158
96;123
96;125
97;161
97;98
97;87
97;156
98;48
98;18
98;27
99;98
99;146
99;114
99;117
99;102
99;123
99;92
99;93
99;46
100;165
100;89
100;90
100;108
100;93
100;126
100;46
101;17
101;163
101;165
101;166
101;88
101;24
101;90
101;45
102;27
103;114
103;148
103;136
103;138
103;59
103;75
103;63
104;64
104;69
104;72
104;14
105;17
105;137
105;140
105;46
106;154
107;17
107;18
107;99
107;165
107;88
107;93
107;47
108;17
108;178
108;165
108;88
108;24
108;169
108;170
108;171
108;45
108;174
108;111
109;17
109;85
109;165
109;88
109;24
109;45
110;165
110;26
110;94
111;17
111;165
111;88
111;24
111;45
112;17
112;165
112;88
112;24
112;45
113;64
113;134
113;123
113;76
114;5
114;6
114;42
114;78
114;110
114;49
114;146
114;114
114;51
114;83
114;25
114;27
114;59
114;156
114;158
115;32
115;48
115;49
115;27
115;93
116;167
117;17
117;162
117;99
117;117
117;88
117;24
117;45
118;17
118;165
118;88
118;24
118;45
119;17
119;114
119;99
119;165
119;88
119;24
119;90
119;91
119;44
119;175
120;17
120;18
120;163
120;88
120;24
120;47
121;17
121;85
121;24
121;89
122;17
122;99
122;167
122;88
122;171
122;45
123;5
123;6
124;64
124;49
124;146
124;53
124;57
124;42
124;27
125;17
125;163
125;99
125;85
125;165
125;88
125;24
125;89
125;45
125;111
126;17
126;18
126;88
126;24
126;45
127;17
127;118
127;88
127;91
127;92
127;44
127;45
127;95
128;17
128;163
128;85
128;165
128;88
128;24
128;45
129;17
129;99
129;88
129;24
129;92
129;93
129;45
130;17
130;162
130;88
130;24
130;91
130;93
130;45
131;17
131;165
131;182
131;88
131;24
131;170
131;45
132;17
132;88
132;24
132;171
132;91
132;45
132;111
133;69
133;6
133;73
133;59
133;63
134;134
134;136
135;134
136;5
137;146
137;51
137;53
137;27
137;108
137;143
138;64
138;4
138;6
138;7
138;27
138;59
138;62
138;63
139;64
140;64
140;49
140;73
140;27
140;62
141;64
141;35
141;99
141;68
141;6
141;70
141;167
141;8
141;42
141;108
141;172
141;110
141;175
141;23
141;59
141;123
142;17
142;163
142;165
142;88
142;24
142;45
143;17
143;102
143;88
143;24
143;45
143;111
143;31
144;17
144;18
144;114
144;85
144;88
144;47
145;18
145;88
145;47
146;26
146;29
146;159
147;17
147;25
147;91
147;93
147;46
148;17
148;114
148;88
148;24
148;90
148;125
148;93
148;110
148;46
149;104
149;106
149;172
149;109
149;174
149;46
149;17
149;178
149;85
149;152
149;90
149;91
149;92
150;49
150;19
150;116
150;7
150;10
151;116
151;152
151;26
151;170
151;10
151;59
151;124
151;93
151;111
152;17
152;54
152;171
152;46
152;31
153;114
153;117
154;17
154;99
154;180
154;165
154;88
154;24
154;171
154;44
154;45
155;120
155;123
155;46
156;64
156;116
156;133
156;59
157;96
157;161
158;161
158;97
158;98
158;117
158;87
158;90
158;10
158;123
158;171
158;140
159;161
159;90
159;107
159;110
159;46
159;175
160;64
160;116
160;87
160;137
160;59
160;140
160;125
161;161
161;104
161;106
161;172
161;109
162;115
162;85
162;101
162;102
162;140
162;44
162;110
162;63
163;17
163;99
163;165
163;102
163;91
163;44
163;45
164;99
164;117
164;167
164;88
164;123
164;93
164;110
164;46
165;17
165;117
165;88
165;24
165;90
165;91
165;108
166;17
166;102
166;167
166;10
166;92
166;93
166;110
166;46
167;97
167;18
167;85
167;104
167;106
167;107
167;108
167;158
168;17
168;162
168;178
168;85
168;165
168;88
168;24
168;91
168;93
168;45
169;17
169;99
169;117
169;167
169;93
169;46
170;114
170;117
170;102
170;90
170;171
170;125
170;46
171;17
172;99
172;117
172;24
172;10
172;123
172;92
172;93
172;46
173;64
173;80
173;146
173;167
173;87
173;23
173;42
174;167
174;137
174;123
174;171
174;110
175;69
175;14
176;108
177;53
177;102
177;7
177;90
177;63
178;132
178;71
178;158
179;64
179;35
179;4
179;10
179;42
179;108
179;140
179;109
179;49
179;51
179;53
179;27
179;59
180;64
180;149
180;27
181;97
181;98
181;99
181;35
181;117
181;102
181;25
181;123
181;93
181;158
181;46
181;31
182;14
182;62
183;161
184;17
184;162
184;114
184;99
184;165
184;88
184;24
184;93
184;45
184;111
185;17
185;99
185;88
185;24
185;93
185;45
186;90
186;46
187;105
188;108
188;93
188;46
189;144
189;114
189;184
189;105
189;125
189;46
189;143
190;162
191;146
191;100
191;137
191;27
192;146
192;152
192;137
192;10
192;123
193;17
193;89
193;93
194;114
194;36
194;117
194;87
194;25
194;90
194;123
194;92
194;110
194;46
195;17
195;117
195;24
195;25
195;123
195;93
195;46
196;35
196;102
196;103
196;88
196;10
196;93
197;17
197;114
197;117
197;102
197;88
197;24
197;90
197;92
197;46
198;17
198;117
198;165
198;102
198;167
198;90
198;92
198;125
198;93
198;110
198;46
199;184
200;176
200;86
200;92
201;161
201;163
201;102
201;171
201;140
201;110
201;46
201;81
201;146
201;117
201;87
201;90
201;123
201;93
202;98
202;146
202;114
202;117
202;21
202;102
202;24
202;122
202;90
202;93
202;110
202;46
203;17
203;85
203;88
203;24
203;89
203;171
203;45
204;161
204;114
204;123
204;59
204;93
205;17
205;85
205;165
205;88
205;24
205;45
206;5
206;27
207;144
207;97
207;81
207;165
207;121
207;105
207;90
207;123
207;46
207;143
207;63
208;17
208;88
208;44
209;70
209;90
209;27
209;62
210;49
210;137
210;27
210;59
210;75
211;35
211;68
211;5
211;25
211;57
211;42
211;27
212;17
212;99
212;24
212;10
212;91
212;92
212;44
212;93
212;45
213;17
213;165
213;88
213;186
213;91
213;92
213;109
213;45
214;17
214;165
214;166
214;88
214;24
214;92
214;45
215;17
215;18
215;165
215;88
215;24
215;45
216;17
216;88
216;24
216;44
216;45
217;17
217;163
217;165
217;88
217;24
217;45
218;17
218;165
218;24
218;171
218;45
218;111
219;81
219;42
219;10
219;108
219;78
220;117
220;123
221;148
221;134
221;136
221;174
222;17
222;85
222;104
222;106
222;107
222;93
222;46
222;175
223;48
223;17
223;99
223;88
223;45
223;46
224;17
224;165
224;88
224;24
224;45
224;111
225;17
225;165
225;88
225;24
225;171
225;45
226;17
226;165
226;88
226;24
226;45
227;27
228;17
228;165
228;26
228;94
229;17
229;99
229;167
229;88
229;24
229;140
229;45
230;134
230;136
231;161
231;19
231;167
231;137
231;123
231;110
232;72
232;25
233;98
233;35
233;68
233;101
233;53
233;167
233;57
233;10
233;125
233;110
234;48
234;42
234;27
234;92
235;17
235;88
235;24
235;45
236;17
236;163
236;165
236;88
236;24
236;10
236;93
236;45
237;165
237;26
237;94
238;17
238;18
238;163
238;165
238;88
238;24
238;91
238;45
239;17
239;88
239;24
239;171
239;92
239;44
239;45
240;17
240;88
240;24
240;186
240;91
240;45
240;126
241;17
241;36
241;165
241;24
241;171
241;45
241;111
242;176
242;151
242;10
242;141
243;53
243;151
243;10
243;140
243;109
244;64
244;146
244;53
244;122
244;27
244;59
245;33
246;17
246;88
246;24
246;92
246;45
247;64
247;49
247;146
247;42
247;27
247;59
247;108
247;63
248;64
248;51
248;35
248;52
248;27
248;108
249;10
250;64
250;49
250;6
250;123
250;27
250;59
250;63
251;37
251;26
251;94
252;64
252;56
252;8
252;62
253;17
253;99
253;167
253;88
253;24
253;171
253;45
254;162
254;114
254;24
254;125
254;158
254;110
254;46
255;64
255;98
255;131
255;138
255;10
255;75
255;76
255;78
255;14
255;81
255;49
255;145
255;147
255;87
255;27
255;123
255;60
256;17
256;99
256;165
256;88
256;44
256;45
256;46
257;17
257;99
257;165
257;70
257;88
257;45
257;46
258;17
258;99
258;24
258;91
258;93
258;45
259;64
259;134
259;10
259;76
260;5
260;53
260;54
260;182
260;186
260;13
260;111
261;114
261;117
261;23
261;90
261;123
261;93
261;46
262;17
262;117
262;102
262;167
262;25
262;90
262;10
262;93
262;110
262;46
263;90
263;159
263;31
264;97
264;114
264;132
264;135
264;24
264;25
264;90
264;10
264;93
264;110
264;46
265;162
265;102
265;24
265;93
265;110
266;64
266;49
266;146
266;4
266;53
266;27
266;59
266;108
267;32
267;16
267;132
267;7
267;156
267;79
268;64
268;51
268;147
268;131
268;134
268;139
268;76
269;32
269;16
269;132
269;71
269;14
269;79
270;32
270;16
270;83
270;36
270;84
270;132
270;71
270;14
270;62
270;79
271;32
271;16
271;83
271;84
271;132
271;71
271;14
271;62
271;79
272;24
272;90
272;170
272;171
272;92
272;93
272;174
273;98
273;180
273;117
273;88
273;24
273;137
273;90
273;140
273;93
273;110
274;32
274;16
274;83
274;132
274;71
274;14
274;79
275;32
275;144
275;16
275;83
275;36
275;132
275;71
275;14
275;62
275;79
275;63
276;161
276;99
276;45
276;46
276;146
276;18
276;178
276;117
276;87
276;88
276;24
276;123
276;92
277;64
277;49
277;68
277;27
277;59
277;108
278;99
278;102
278;90
278;140
278;92
278;125
278;93
278;46
279;57
279;27
279;108
280;32
280;16
280;81
280;83
280;84
280;132
280;71
280;14
280;62
280;79
281;32
281;16
281;83
281;36
281;84
281;132
281;71
281;14
281;62
281;79
282;32
282;16
282;83
282;84
282;132
282;71
282;14
282;62
282;79
283;32
283;16
283;132
283;71
283;156
283;14
283;79
283;15
284;32
284;16
284;132
284;71
284;14
284;79
285;32
285;16
285;83
285;132
285;71
285;156
285;14
285;79
286;32
286;36
286;132
286;71
286;135
286;136
286;75
286;14
286;79
286;16
286;82
286;83
286;84
286;152
286;156
286;62
286;63
287;32
287;16
287;83
287;132
287;71
287;135
287;156
287;14
287;79
288;17
288;162
288;18
288;88
288;47
289;49
289;67
289;4
289;69
289;53
289;151
289;72
289;73
289;123
289;27
289;59
289;62
290;49
290;4
290;85
290;102
290;59
290;158
291;64
291;49
291;42
291;10
291;27
291;59
292;145
292;142
293;142
294;17
294;90
294;29
294;159
294;31
295;99
295;20
295;21
295;171
295;92
295;46
295;111
296;17
296;26
296;94
297;114
297;19
297;163
297;165
297;125
297;158
297;110
297;46
298;151
298;10
298;27
298;140
299;17
299;104
299;89
299;106
299;107
299;92
299;46
300;161
300;90
301;99
301;102
301;137
301;90
301;10
301;92
301;125
301;93
301;46
302;161
302;60
303;17
303;117
303;102
303;25
303;10
303;140
303;92
303;93
303;46
304;161
304;58
305;99
305;171
305;108
305;140
305;44
305;45
305;110
305;111
305;175
305;17
305;85
305;88
305;120
305;24
305;92
305;93
306;144
306;17
306;114
306;68
306;24
306;105
306;125
306;110
306;46
306;63
307;64
307;49
307;114
307;51
307;4
307;117
307;53
307;57
307;27
307;59
308;4
308;24
309;17
309;146
309;117
309;88
309;24
309;105
309;140
309;93
309;45
309;62
309;46
310;117
310;21
310;123
310;27
310;46
311;163
311;99
311;171
311;125
311;93
311;46
312;117
313;17
313;164
313;88
313;24
313;92
314;17
314;114
314;163
314;88
314;110
314;46
315;161
315;152
315;124
316;154
316;109
316;175
317;64
317;131
317;133
317;134
317;75
317;76
318;64
318;49
318;146
318;68
318;149
318;27
318;59
318;108
319;49
319;117
319;85
319;89
319;108
319;111
320;64
320;80
320;49
320;85
320;27
320;59
320;108
321;64
321;114
321;131
321;134
321;136
321;138
321;139
321;75
321;76
322;49
322;68
322;53
322;70
322;8
322;63
323;49
323;68
323;53
323;70
323;8
323;63
324;64
324;131
324;134
324;75
324;76
325;17
325;186
326;64
326;65
326;66
326;42
326;27
326;14
326;62
327;64
327;97
327;25
327;121
327;105
327;123
327;156
327;158
328;176
329;123
329;59
329;173
329;141
329;46
330;27
331;64
331;49
331;114
331;53
331;7
331;27
331;59
331;75
331;109
332;17
332;165
332;88
332;24
332;171
332;45
333;32
333;65
333;66
333;6
333;39
333;135
333;40
333;137
333;12
333;50
333;151
333;119
333;27
333;31
334;10
335;80
335;146
335;51
335;101
335;27
335;78
335;158
335;31
336;98
336;146
336;51
336;4
336;117
336;53
336;42
336;10
336;27
336;108
336;140
336;175
337;71
338;7
339;67
339;69
339;151
339;59
340;17
340;88
340;24
340;109
340;45
341;105
342;17
342;85
342;165
342;88
342;24
342;89
342;171
342;45
342;111
343;17
343;178
343;85
343;165
343;88
343;24
343;186
343;45
343;126
344;17
344;99
344;167
344;88
344;24
344;92
344;93
344;45
345;140
345;46
346;64
346;131
346;133
346;134
346;75
346;76
346;142
346;78
346;145
346;146
346;114
346;51
346;148
346;59
346;157
347;144
347;83
347;84
347;132
347;6
347;150
347;135
347;105
347;27
347;14
347;63
348;17
348;99
348;117
348;165
348;102
348;10
348;123
348;92
348;93
348;46
349;146
349;19
350;117
350;165
350;102
350;40
350;88
350;24
350;25
350;92
350;93
350;46
351;17
351;88
351;24
351;186
351;91
351;92
351;45
352;17
352;162
352;165
352;88
352;24
352;44
352;45
353;64
353;100
353;85
353;42
354;17
354;114
354;99
354;180
354;88
354;24
354;10
354;91
354;140
354;45
354;110
355;17
355;99
355;88
355;24
355;91
355;44
355;45
355;46
356;17
356;88
356;24
356;45
356;126
356;111
357;17
357;162
357;165
357;88
357;24
357;45
358;17
358;165
358;88
358;24
358;45
359;17
359;85
359;165
359;88
359;24
359;45
360;99
360;24
360;125
360;46
361;134
362;6
362;70
362;135
362;28
363;99
363;117
363;102
363;24
363;90
363;92
363;125
363;93
363;46
364;51
364;102
364;134
364;76
364;142
364;62
365;133
365;134
365;138
365;139
366;48
366;17
366;99
366;165
366;88
366;45
367;17
367;99
367;165
367;23
367;88
367;93
367;45
368;17
368;88
368;24
368;45
369;17
369;165
369;88
369;24
369;171
369;92
369;45
370;178
370;165
370;166
371;64
371;133
371;134
371;136
371;184
371;138
372;5
372;27
373;4
373;53
373;27
374;64
374;98
374;51
374;59
374;75
374;76
374;78
375;64
375;49
375;53
375;27
375;59
376;17
376;35
376;165
376;46
377;134
377;123
378;96
378;64
378;49
378;34
378;8
378;42
379;116
379;5
379;6
379;7
379;137
379;75
379;142
379;62
380;99
380;165
380;167
380;45
380;17
380;18
380;87
380;88
380;24
380;25
380;123
380;92
380;93
380;31
381;114
381;131
381;134
381;75
381;76
382;42
383;38
383;8
383;10
384;17
384;163
384;99
384;165
384;88
384;24
384;91
384;92
384;45
385;17
385;163
385;165
385;88
385;45
385;111
386;17
386;88
386;24
386;92
386;93
386;45
387;17
387;163
387;99
387;85
387;165
387;88
387;24
387;10
387;92
387;93
387;45
388;64
388;131
388;149
388;134
388;75
388;76
389;36
389;53
389;6
389;54
389;7
389;8
389;43
389;13
389;62
390;123
391;32
391;16
391;132
391;53
391;156
391;14
391;63
392;97
392;17
392;18
392;102
392;167
392;123
392;92
392;93
392;46
393;17
393;18
393;114
393;99
393;165
393;88
393;24
393;91
393;92
393;93
393;45
393;46
394;32
394;48
394;117
394;21
394;122
394;27
394;92
394;93
395;165
395;26
395;94
396;27
397;64
397;32
397;16
397;53
397;6
398;17
398;117
398;24
398;90
398;123
398;93
398;46
399;85
400;102
400;167
400;89
400;171
400;108
400;93
400;46
401;64
401;49
401;100
401;70
401;38
401;151
401;42
401;27
401;62
401;31
402;70
402;167
402;90
402;123
402;27
403;100
403;21
403;119
403;111
404;64
404;27
405;64
406;174
407;17
407;99
407;165
407;88
407;24
408;161
408;49
408;185
409;25
409;123
410;49
410;178
410;114
410;7
410;185
411;64
411;147
411;131
411;133
411;134
411;75
411;76
412;161
412;63
413;93
413;46
414;17
414;163
414;165
414;88
414;24
414;44
414;45
415;17
415;162
415;165
415;88
415;24
415;44
415;45
416;17
416;99
416;88
416;24
416;171
416;92
416;45
417;17
417;99
417;165
417;88
417;24
417;45
418;17
418;114
418;163
418;99
418;88
418;92
418;93
418;45
419;17
419;18
419;88
419;24
419;45
420;64
420;49
420;146
420;53
420;42
420;27
420;59
420;108
421;152
421;10
421;124
421;140
422;99
422;20
422;21
422;22
422;88
422;137
422;10
422;93
422;46
423;161
424;26
425;17
425;114
425;167
425;88
425;90
425;10
425;110
426;114
426;163
426;25
426;105
426;90
426;93
426;158
426;110
426;46
427;64
427;97
427;49
427;51
427;42
427;27
427;59
427;108
428;64
428;49
428;100
428;27
429;64
429;51
429;147
429;131
429;134
429;138
429;59
429;75
429;76
429;78
430;64
430;49
430;4
430;53
430;149
430;27
430;59
430;108
430;140
430;78
431;35
431;108
432;64
432;49
432;6
432;27
432;59
432;62
433;64
433;114
433;131
433;117
433;134
433;136
433;138
433;75
433;76
433;157
434;161
434;19
434;117
434;88
434;184
434;122
434;123
434;125
435;146
435;102
435;103
435;90
435;10
435;123
436;104
436;106
436;93
437;144
437;6
437;150
437;27
437;14
438;161
438;167
438;24
438;10
438;94
438;110
439;52
439;158
440;165
440;88
440;24
440;44
441;17
441;99
441;165
441;88
441;24
441;171
441;45
442;17
442;165
442;88
442;24
442;171
442;45
442;174
443;17
443;99
443;91
443;44
443;125
443;93
443;45
444;64
444;134
444;136
444;142
444;62
445;50
446;24
446;184
446;140
446;46
447;161
447;162
447;98
447;114
447;102
447;137
447;91
447;46
448;17
448;99
448;102
448;88
448;24
448;91
448;44
448;93
448;45
449;17
449;99
449;165
449;88
449;24
449;45
450;17
450;165
450;167
450;88
450;24
450;45
451;17
451;99
451;165
451;88
451;45
451;46
452;17
452;99
452;24
452;91
452;92
452;93
452;45
453;17
453;99
453;20
453;165
453;54
453;22
453;88
453;24
453;93
453;45
453;111
454;17
454;99
454;85
454;165
454;88
454;24
454;44
454;93
454;45
455;67
455;151
455;152
455;72
455;10
455;78
456;161
456;102
456;137
456;125
456;93
457;115
457;6
457;105
457;14
457;62
457;79
457;143
458;145
458;147
458;134
459;64
459;68
459;4
459;25
459;59
459;111
460;36
460;134
460;139
461;17
461;114
461;165
461;88
461;24
461;45
461;126
461;111
462;99
462;4
462;102
462;10
462;110
462;49
462;17
462;18
462;21
462;85
462;53
462;88
462;25
462;60
462;92
462;125
463;17
463;99
463;88
463;24
463;140
463;92
463;45
464;64
464;49
464;18
464;100
464;25
464;42
464;27
464;31
465;17
465;99
465;91
465;92
465;93
465;45
466;17
466;146
466;99
466;117
466;85
466;25
466;108
466;140
466;93
466;46
467;16
467;71
468;66
468;99
468;6
468;70
468;27
468;14
468;31
469;64
469;132
469;9
469;79
470;64
471;90
472;51
472;5
472;185
472;42
472;27
472;78
473;134
473;136
473;138
474;64
474;83
474;6
474;71
474;105
474;10
474;79
474;15
475;64
475;49
475;146
475;68
475;149
475;27
475;59
476;161
476;97
476;19
476;99
476;117
476;123
476;27
476;93
477;149
477;134
477;136
477;88
477;59
477;140
477;78
477;62
478;5
478;101
478;39
478;103
478;137
478;75
478;146
478;115
478;116
478;55
478;87
478;27
478;123
478;62
479;17
479;165
479;88
479;24
479;171
479;109
479;45
479;174
480;17
480;165
480;167
480;24
480;45
480;111
481;17
481;18
481;165
481;88
481;24
481;45
482;17
482;99
482;91
482;92
482;44
482;93
482;45
483;17
483;133
483;88
483;186
483;75
483;91
483;44
483;126
484;17
484;163
484;165
484;88
484;24
484;91
484;45
485;17
485;165
485;24
485;45
486;83
486;133
486;122
486;10
486;123
486;14
487;67
487;69
487;151
487;73
487;59
487;62
487;143
488;64
488;32
488;16
488;83
488;132
488;10
489;32
489;48
489;163
489;117
489;21
489;88
489;27
489;92
489;93
490;17
490;99
490;88
490;24
490;92
490;93
490;46
491;32
491;25
492;17
492;165
492;167
492;88
492;24
492;125
493;48
493;21
493;88
493;25
493;27
493;92
493;93
494;10
494;108
494;140
494;172
494;46
494;177
494;17
494;85
494;183
494;120
494;24
494;123
494;92
494;93
495;17
495;88
495;24
495;186
495;91
495;92
495;44
495;45
496;17
496;162
496;99
496;167
496;88
496;24
496;45
496;46
497;51
497;87
497;123
498;117
498;23
498;137
498;25
498;121
498;105
498;10
498;123
498;93
499;176
499;10
500;64
500;66
500;99
500;42
500;14
501;146
501;114
501;180
501;87
501;123
502;17
502;163
502;165
502;88
502;24
502;45
503;117
503;123
503;46
503;143
504;97
504;49
504;99
504;117
504;21
504;69
504;151
504;25
505;161
505;42
505;93
505;46
506;161
506;146
507;64
507;161
507;49
507;4
507;180
507;117
507;105
507;59
507;140
507;28
508;161
508;42
508;125
508;110
508;111
509;114
510;64
510;145
510;146
510;131
510;133
510;134
510;138
510;75
510;76
511;146
511;51
511;4
511;149
511;123
511;27
511;75
512;17
512;19
512;165
512;167
512;88
512;45
513;17
513;163
513;99
513;165
513;88
513;24
513;45
514;17
514;99
514;165
514;88
514;24
514;169
514;171
514;45
515;17
515;165
515;88
515;24
515;171
515;92
515;44
515;45
516;17
516;163
516;99
516;88
516;24
516;45
517;163
517;117
517;102
517;90
517;46
518;10
518;108
518;173
518;174
518;46
518;117
518;24
518;25
518;90
518;59
518;123
518;93
518;31
519;19
519;35
519;117
519;21
519;23
519;88
519;25
519;123
519;93
520;163
520;99
520;117
520;24
520;123
520;93
520;46
520;95
521;64
521;146
521;114
521;147
521;131
521;134
521;75
521;76
522;64
522;49
522;66
522;42
522;27
523;64
523;131
523;117
523;133
523;134
523;75
524;80
524;17
524;23
524;42
525;26
525;94
525;110
526;17
526;99
526;88
526;45
526;46
527;99
527;35
527;148
527;117
527;156
527;172
527;93
528;32
529;90
529;123
529;27
529;93
529;46
530;146
530;19
530;117
530;85
530;167
530;10
530;123
530;46
531;133
531;26
531;94
532;161
532;169
532;171
532;124
532;31
533;117
533;85
533;167
533;88
533;24
533;90
533;93
534;98
534;137
534;93
534;62
535;161
535;116
535;117
535;87
535;122
535;59
535;156
535;141
536;33
536;19
536;5
536;8
536;14
536;158
536;15
537;117
537;90
537;93
537;46
538;17
538;99
538;102
538;42
538;10
538;123
538;171
538;93
538;110
538;46
539;64
539;128
539;49
539;68
539;53
539;118
539;88
539;27
539;156
539;108
539;77
539;63
540;146
540;35
540;57
540;27
541;16
541;97
541;35
541;180
541;132
541;38
541;23
541;9
541;10
542;115
542;131
542;5
542;134
542;7
542;138
542;27
542;140
542;76
542;29
543;17
543;162
543;99
543;165
543;166
543;88
543;24
543;45
544;17
544;165
544;88
544;24
544;44
544;45
544;111
545;17
545;99
545;165
545;167
545;88
545;24
545;45
546;17
546;99
546;165
546;88
546;24
546;171
546;45
546;174
547;17
547;18
547;99
547;85
547;88
547;24
547;44
547;45
547;111
548;17
548;180
548;88
548;24
548;10
548;171
548;44
549;17
549;88
549;24
549;123
549;45
549;126
550;99
550;133
550;167
550;137
550;171
550;12
550;45
550;110
550;46
550;17
550;114
550;18
550;20
550;21
550;88
550;24
550;92
550;93
550;125
551;17
551;114
551;163
551;99
551;102
551;88
551;24
551;45
552;32
552;64
552;100
552;5
552;70
552;39
552;8
552;12
552;15
552;50
552;151
552;62
552;31
553;64
553;146
553;131
553;134
553;138
553;75
553;76
553;63
554;17
554;18
554;165
554;88
554;24
554;45
555;17
555;88
555;24
555;171
555;45
555;175
555;111
556;17
556;85
556;165
556;88
556;24
556;44
556;45
557;17
557;85
557;165
557;88
557;24
557;171
557;45
558;17
558;99
558;88
558;24
558;171
558;93
558;45
558;46
559;48
559;114
559;102
559;24
559;110
560;161
560;91
561;131
561;134
561;75
561;76
562;64
562;49
562;146
562;4
562;53
562;170
562;27
562;59
562;158
563;17
563;114
563;99
563;167
563;89
563;171
563;110
563;46
564;114
564;115
564;180
564;133
564;137
564;75
564;141
564;78
565;123
566;64
566;49
566;4
566;21
566;53
566;133
566;42
566;123
566;59
567;64
567;114
567;131
567;133
567;134
567;138
567;123
567;75
567;76
568;69
568;9
569;64
569;146
569;131
569;148
569;134
569;138
569;75
569;76
570;64
570;131
570;133
570;134
570;75
570;76
571;145
571;51
571;134
571;139
571;76
571;142
571;62
572;64
572;131
572;133
572;134
572;138
572;139
572;75
572;76
573;99
573;101
573;12
573;44
573;45
573;17
573;114
573;147
573;148
573;24
573;184
573;89
573;91
573;92
573;93
573;125
574;99
574;92
574;44
574;93
574;45
574;110
574;175
575;17
575;99
575;165
575;102
575;167
575;24
575;91
575;93
575;45
576;17
576;18
576;117
576;165
576;88
576;24
576;170
576;10
576;45
576;174
577;17
577;99
577;165
577;167
577;88
577;24
577;45
578;45
579;64
579;146
579;51
579;35
579;57
579;140
579;110
580;17
580;165
580;167
580;88
580;24
580;45
581;99
581;117
581;165
581;92
581;125
581;93
581;46
581;31
582;63
583;17
583;85
583;102
583;108
583;92
583;93
583;46
584;99
584;88
584;24
584;92
584;46
585;64
585;49
585;116
585;132
585;5
585;39
585;27
585;59
585;75
585;79
586;65
586;55
586;167
586;137
586;10
586;27
586;110
587;27
588;133
588;104
588;175
589;64
589;51
589;147
589;131
589;133
589;134
589;138
589;75
589;76
590;35
590;4
590;42
590;27
590;108
591;27
592;17
592;163
592;88
592;24
592;92
592;109
592;93
592;45
593;17
593;99
593;24
593;91
593;92
593;44
593;93
593;45
594;165
594;26
594;94
595;17
595;165
595;167
595;88
595;24
595;45
596;44
597;17
597;114
597;99
597;92
597;44
597;125
597;93
598;17
598;99
598;88
598;10
598;45
598;46
599;17
599;54
599;93
599;46
599;31
600;97
600;163
600;117
600;85
600;24
600;123
600;108
600;93
600;110
601;161
601;117
601;23
601;88
601;25
601;89
601;42
601;123
601;108
601;93
601;46
602;48
602;177
602;17
602;117
602;165
602;89
602;93
602;46
603;117
603;25
603;90
603;10
603;123
603;92
603;93
603;46
603;31
604;17
604;99
604;117
604;102
604;10
604;140
604;93
604;46
605;19
605;99
605;21
605;22
605;39
605;7
605;93
605;158
605;46
606;97
606;102
606;105
606;170
606;10
606;108
606;92
606;93
606;14
606;158
606;46
607;99
607;117
607;171
607;140
607;92
607;93
607;46
607;31
608;27
608;108
608;92
608;93
608;46
609;103
609;87
609;90
609;123
610;64
610;48
610;161
610;117
610;156
611;161
611;42
612;161
612;117
612;123
613;169
613;106
613;109
614;161
614;117
614;167
614;42
614;10
614;123
614;108
614;46
615;17
615;165
615;88
615;24
615;44
615;45
615;111
616;64
616;146
616;131
616;134
616;75
616;76
617;19
617;88
617;24
618;161
618;17
618;167
618;151
618;108
618;93
618;110
619;167
619;125
619;110
620;161
620;27
620;174
621;161
621;114
621;167
621;87
622;99
623;178
623;133
623;134
623;152
623;140
623;76
624;49
624;116
624;39
624;75
624;60
624;63
625;64
625;16
625;83
625;133
625;6
625;71
625;135
625;9
625;79
626;17
626;18
626;117
626;102
626;24
626;123
626;46
627;17
627;35
627;117
627;102
627;90
627;123
627;140
627;125
627;93
627;46
627;31
628;17
628;163
628;99
628;167
628;10
628;92
628;93
628;46
629;128
629;15
630;48
630;114
630;19
630;85
630;165
630;25
630;90
630;27
630;158
631;99
631;42
631;123
631;108
631;92
631;93
631;46
632;85
633;20
633;117
633;21
633;165
633;39
633;12
633;92
633;46
633;111
634;19
634;27
635;64
635;49
635;6
635;39
635;27
635;59
635;62
636;64
636;49
636;7
636;27
636;59
636;75
636;60
637;49
637;145
637;115
637;4
637;101
637;103
637;75
637;156
637;125
637;78
638;64
638;145
638;114
638;131
638;133
638;134
638;138
638;139
638;75
638;76
639;64
639;114
639;51
639;147
639;131
639;133
639;134
639;138
639;75
639;76
640;32
640;16
640;83
640;7
640;14
641;64
641;4
641;10
641;171
641;49
641;146
641;51
641;149
641;57
641;27
641;59
641;123
641;125
641;63
642;64
643;146
643;114
643;167
643;110
644;32
644;16
644;123
645;17
645;126
646;163
646;105
646;46
647;17
647;99
647;165
647;102
647;88
647;24
647;45
648;64
648;131
648;134
648;136
648;138
648;123
648;75
648;76
648;78
649;7
650;17
650;99
650;165
650;88
650;45
650;46
651;17
651;99
651;88
651;45
651;46
652;17
652;99
652;165
652;102
652;88
652;91
652;45
652;46
653;17
653;162
653;165
653;88
653;24
653;45
654;17
654;18
654;99
654;165
654;88
654;47
655;17
655;163
655;99
655;165
655;88
655;24
655;44
655;45
656;17
656;85
656;88
656;24
656;45
657;17
657;162
657;165
657;88
657;24
657;45
658;17
658;99
658;180
658;88
658;24
658;171
658;45
659;134
659;185
660;32
660;64
660;35
660;100
660;6
660;70
660;39
660;40
660;78
660;14
660;176
660;49
660;181
660;149
660;151
660;62
661;32
661;17
661;88
661;24
661;45
661;126
662;17
662;102
662;167
662;88
662;24
662;91
662;45
663;113
663;103
663;25
663;125
663;63
664;17
664;99
664;180
664;165
664;167
664;88
664;24
664;45
665;17
665;18
665;165
665;88
665;24
665;45
666;17
666;162
666;165
666;88
666;24
666;45
667;183
668;17
668;163
668;165
668;88
668;24
668;140
668;45
669;51
669;148
669;134
670;64
670;131
670;36
670;134
670;138
670;75
670;108
670;76
670;13
670;147
670;85
670;55
670;87
670;23
670;63
671;81
671;145
671;149
671;134
671;138
671;139
671;157
671;78
672;53
672;57
673;64
673;177
673;146
673;51
673;27
673;59
673;173
674;32
674;150
674;71
674;185
674;14
674;79
675;32
675;99
675;35
675;21
675;5
675;6
675;167
675;8
675;57
675;15
676;149
677;64
677;51
677;53
677;151
677;27
677;108
678;17
678;18
678;165
678;88
678;24
678;45
679;131
679;134
679;75
679;76
680;117
680;133
680;134
680;136
681;128
681;49
681;146
681;51
681;35
681;52
681;57
681;61
682;161
682;19
682;117
682;85
682;25
682;90
682;108
682;93
682;158
682;46
683;131
683;148
683;134
683;27
683;75
683;76
684;146
684;53
684;152
684;27
685;17
685;162
685;18
685;115
685;99
685;180
685;23
685;88
685;24
685;25
685;93
685;47
686;64
686;51
686;35
686;4
686;7
686;57
686;27
686;59
686;75
686;78
687;53
688;161
688;42
688;93
688;46
689;133
689;134
690;6
690;90
690;173
691;17
691;99
691;117
691;88
691;45
691;46
692;17
692;99
692;165
692;24
692;91
692;92
692;44
692;125
692;93
692;110
692;95
692;111
693;17
693;162
693;99
693;88
693;24
693;45
694;17
694;85
694;165
694;151
694;88
694;89
694;45
694;175
694;111
695;17
695;88
695;24
695;44
695;45
695;126
696;124
697;35
697;46
698;17
698;88
699;168
699;14
700;64
700;49
700;69
700;72
700;88
700;25
700;73
700;27
701;64
701;49
701;68
701;6
701;7
701;42
701;27
701;59
702;17
702;114
702;180
702;102
702;88
702;140
702;125
702;46
702;111
703;123
704;54
704;88
704;171
704;91
704;93
704;31
705;89
705;108
705;92
705;93
705;46
706;99
706;102
706;137
706;140
706;93
706;46
707;51
707;147
707;131
707;134
707;75
707;76
708;24
708;93
709;117
709;102
709;23
709;25
709;90
709;123
709;92
709;93
709;46
710;99
710;102
710;24
710;92
710;125
710;93
710;46
711;112
711;114
711;179
711;180
711;85
711;167
711;89
711;170
711;110
711;175
712;117
712;102
712;123
712;171
712;92
712;125
712;93
712;46
713;85
713;104
713;89
713;106
713;92
713;93
713;46
714;19
714;117
714;102
714;23
714;25
714;90
714;123
714;92
714;125
714;93
714;46
715;26
715;90
715;29
715;110
715;159
715;31
716;145
716;134
717;17
717;182
717;88
717;93
717;110
718;117
718;87
718;24
718;123
718;171
718;91
718;140
718;125
719;1
719;3
719;5
719;8
720;161
720;18
720;163
720;117
720;90
720;123
720;46
721;17
721;54
721;88
721;91
721;93
721;45
722;64
722;49
722;4
722;42
722;59
723;19
723;20
723;21
723;137
723;25
723;90
723;123
723;158
723;46
723;31
724;114
725;64
725;161
725;114
725;70
725;184
725;59
725;109
725;110
725;111
725;63
726;32
726;21
726;133
726;105
726;27
726;93
726;14
727;161
727;19
727;6
727;7
727;15
728;99
728;117
728;102
728;23
728;10
728;123
728;92
728;93
728;46
729;146
729;51
729;4
729;117
729;53
729;42
729;123
729;27
729;140
729;125
730;114
730;167
730;88
730;125
730;110
730;46
731;97
731;18
731;167
731;90
731;140
731;92
731;93
731;46
731;31
732;17
733;85
733;88
733;24
733;171
733;91
733;93
733;45
734;99
734;117
734;102
734;87
734;90
734;123
734;93
734;46
735;49
735;19
735;99
735;117
735;181
735;102
735;90
735;123
735;93
735;46
736;18
736;114
736;99
736;24
736;93
737;33
737;11
738;145
738;134
738;138
739;88
739;24
740;178
740;148
740;183
740;151
740;173
740;111
741;64
741;49
741;4
741;53
741;27
741;59
741;108
742;32
742;83
742;7
742;14
743;35
743;69
743;7
743;135
743;72
743;73
743;108
743;13
743;79
743;146
743;83
743;57
743;27
743;127
744;17
744;10
744;171
745;161
745;163
745;116
745;133
745;59
746;161
746;146
746;114
746;167
746;103
746;108
746;140
746;46
747;123
748;20
748;21
748;165
748;102
748;23
748;59
748;92
748;93
748;46
748;111
749;88
749;10
749;46
750;183
751;64
751;131
751;134
751;139
751;75
751;76
751;62
752;17
752;99
752;24
752;91
752;93
752;45
753;17
753;88
753;24
753;45
754;17
754;85
754;165
754;88
754;89
754;171
754;45
754;175
754;111
755;26
755;94
756;17
756;167
756;88
756;24
756;45
757;179
758;17
758;163
758;165
758;88
758;24
758;44
758;45
759;17
759;99
759;85
759;167
759;88
759;24
759;10
759;171
759;93
759;45
760;17
760;99
760;165
760;167
760;88
760;24
760;171
760;45
761;17
761;162
761;165
761;88
761;24
761;45
762;114
762;102
762;123
762;125
762;46
763;17
763;163
763;99
763;165
763;88
763;24
763;45
764;99
764;165
764;91
764;92
764;125
764;93
764;45
764;110
765;17
765;165
765;88
765;24
765;93
765;45
765;175
766;17
766;178
766;165
766;88
766;24
766;171
766;45
767;48
767;17
767;99
767;165
767;102
767;88
767;24
767;45
768;134
768;136
769;70
769;7
770;17
770;102
770;105
770;140
770;125
771;32
771;16
771;83
771;117
772;17
772;162
772;88
772;24
772;44
772;45
773;17
773;163
773;88
773;24
773;44
773;45
774;165
774;24
775;17
775;165
775;88
775;186
775;91
775;92
775;45
775;174
775;126
776;17
776;85
776;167
776;88
776;24
776;45
777;17
777;165
777;92
777;125
777;93
777;126
777;46
778;17
778;99
778;117
778;24
778;91
778;93
779;17
779;99
779;165
779;88
779;24
779;171
779;45
780;99
780;85
780;88
780;24
780;171
780;108
780;92
780;44
780;93
781;81
781;113
781;6
781;8
781;59
781;14
781;31
782;17
782;24
782;93
782;45
782;46
783;132
783;71
784;146
784;51
784;4
784;5
784;53
784;87
784;42
784;27
784;63
785;64
785;98
785;42
785;172
785;141
785;49
785;51
785;116
785;149
785;23
785;152
785;25
785;27
785;59
785;123
786;64
786;4
786;117
786;6
786;9
786;43
786;63
787;17
787;163
787;165
787;88
787;24
787;45
787;175
787;111
788;17
788;23
788;88
788;24
788;92
788;45
789;48
789;17
789;18
789;165
789;47
790;17
790;163
790;102
790;88
790;24
790;47
791;17
791;165
791;88
791;24
791;171
791;45
792;17
792;18
792;85
792;152
792;88
792;24
792;184
792;169
792;91
792;45
792;174
793;17
793;102
793;88
793;24
793;45
794;99
794;165
794;91
794;44
794;93
795;117
795;102
795;25
796;17
796;165
796;88
796;24
796;92
796;45
796;111
797;17
797;18
797;99
797;165
797;88
797;47
798;26
798;94
798;159
799;17
799;99
799;24
799;91
799;93
799;45
800;64
800;134
800;139
801;99
802;27
803;64
803;49
803;68
803;151
803;152
803;122
803;27
803;108
804;146
804;149
804;134
804;87
804;78
805;134
806;64
806;114
806;131
806;138
806;75
807;6
807;8
807;105
807;14
807;62
807;79
808;51
809;64
809;49
809;98
809;51
809;68
809;53
809;7
809;59
809;108
809;141
809;63
810;131
810;134
810;76
811;49
811;5
811;149
811;137
811;27
811;75
811;62
812;117
812;88
812;24
812;123
812;140
812;93
812;31
813;64
813;49
813;114
813;116
813;117
813;7
813;103
813;10
813;59
813;75
813;110
814;99
814;165
814;88
814;24
814;44
814;45
814;46
815;99
815;85
815;88
815;24
815;90
815;93
815;45
816;17
816;114
816;117
816;102
816;88
816;24
816;93
816;45
816;46
817;27
818;165
818;102
818;167
818;88
818;24
818;93
819;17
819;99
819;165
819;102
819;167
819;24
819;91
819;93
819;45
820;112
820;17
820;24
820;89
820;42
820;91
820;45
820;111
821;146
821;99
821;165
821;102
821;90
821;92
821;46
822;17
822;54
822;167
822;88
822;10
822;93
823;32
823;48
823;97
823;117
823;21
823;38
823;123
823;27
823;108
823;92
823;174
824;17
824;85
824;120
824;24
824;172
824;140
824;92
824;93
824;45
824;46
825;4
825;52
825;149
825;7
825;42
825;59
826;161
826;97
826;165
826;133
826;166
826;103
826;140
826;172
826;17
826;116
826;117
826;23
826;90
826;59
826;123
826;125
826;126
827;20
827;21
827;22
827;88
827;25
827;27
827;28
827;111
828;17
828;99
828;117
828;85
828;23
828;88
828;24
828;108
828;92
828;45
829;64
829;131
829;134
829;138
829;75
829;76
829;78
829;63
830;115
830;5
830;7
830;27
830;110
831;133
831;166
831;140
831;141
831;78
831;80
831;49
831;146
831;51
831;181
831;117
831;53
831;87
831;184
831;185
831;90
831;156
832;134
833;167
833;103
833;90
833;140
834;161
834;114
834;167
834;110
835;17
835;24
835;90
835;125
835;93
835;45
835;78
835;46
836;17
836;99
836;87
836;88
836;24
836;171
836;91
836;44
836;125
837;161
837;87
838;176
838;134
839;64
839;131
839;167
839;59
839;171
839;78
839;110
840;161
841;180
841;87
841;184
841;156
842;17
842;18
842;180
842;165
842;125
842;47
843;17
843;99
843;24
843;91
843;92
843;93
843;45
844;17
844;99
844;117
844;108
844;140
844;93
844;46
845;99
845;165
845;102
845;167
845;104
845;106
845;110
845;46
845;175
845;17
845;114
845;89
845;93
846;27
847;64
847;145
847;147
847;131
847;148
847;133
847;134
847;75
847;76
848;114
848;19
848;85
848;5
848;55
848;123
848;108
848;111
848;63
849;99
849;102
849;93
849;46
849;31
850;161
850;17
850;46
850;31
851;161
851;93
852;17
852;162
852;165
852;88
852;24
852;91
852;92
852;45
853;17
853;165
853;167
853;88
853;92
853;45
853;46
854;17
854;165
854;88
854;24
854;171
854;45
855;17
855;165
855;88
855;24
855;45
855;175
856;64
856;49
856;69
856;6
856;72
856;73
856;27
857;17
857;88
857;24
857;45
857;111
858;99
858;179
858;36
858;85
858;182
858;151
858;108
858;29
858;93
858;110
858;31
858;159
859;64
859;81
859;67
859;150
859;75
859;76
859;78
859;63
860;67
860;36
860;5
860;102
860;22
860;87
860;8
860;90
861;17
861;18
861;114
861;99
861;88
861;24
861;92
861;125
861;93
861;110
862;17
862;85
862;165
862;88
862;24
862;44
862;45
863;26
863;94
863;159
864;17
864;99
864;180
864;165
864;88
864;24
864;171
864;45
865;17
865;99
865;24
865;91
865;93
865;45
866;17
866;99
866;88
866;24
866;92
866;93
866;45
867;17
867;99
867;85
867;165
867;88
867;24
867;171
867;45
867;111
868;17
868;165
868;88
868;24
868;45
869;17
869;163
869;99
869;102
869;88
869;24
869;140
869;45
870;17
870;99
870;165
870;88
870;24
870;45
871;4
871;100
871;21
871;5
871;53
871;72
871;8
871;158
871;62
872;17
872;165
872;88
872;186
872;91
872;45
873;17
873;165
873;88
873;24
873;44
873;45
873;111
874;17
874;18
874;99
874;165
874;88
874;24
874;93
874;45
875;49
875;50
875;99
875;6
875;42
875;27
876;7
876;27
877;145
877;146
877;134
877;136
877;138
877;63
878;32
878;49
878;4
878;42
878;95
878;15
879;85
880;174
881;146
881;5
881;27
881;75
881;140
881;63
882;145
882;114
882;148
882;5
882;133
882;60
882;76
882;157
882;62
883;26
883;94
884;69
884;72
884;73
884;62
885;48
885;17
885;99
885;180
885;165
885;88
885;45
885;46
886;80
886;17
886;163
886;87
886;88
886;24
886;140
886;45
887;17
887;99
887;85
887;167
887;88
887;24
887;171
887;44
887;45
887;111
888;163
888;36
888;10
888;110
888;47
888;48
888;17
888;18
888;21
888;117
888;88
888;153
888;92
889;4
889;22
889;137
889;123
889;125
889;110
890;64
890;145
890;114
890;147
890;131
890;134
890;138
890;139
890;75
890;76
891;64
891;49
891;68
891;27
891;59
891;108
891;143
892;151
892;173
893;17
893;99
893;88
893;45
893;46
894;17
894;114
894;99
894;102
894;88
894;184
894;92
894;45
894;46
895;64
895;27
895;59
895;108
896;35
896;68
896;4
896;7
896;27
896;59
896;125
897;6
897;14
898;131
898;132
898;165
898;166
898;108
898;44
898;17
898;85
898;117
898;87
898;88
898;123
898;93
898;125
898;126
899;49
899;103
899;27
899;75
900;32
900;64
900;100
900;6
900;70
900;39
900;136
900;40
900;9
900;14
900;111
900;176
900;49
900;181
900;149
900;151
900;185
900;62
901;17
901;178
901;163
901;85
901;88
901;24
901;89
901;171
902;64
902;49
902;180
902;5
902;53
902;6
902;137
902;27
902;59
902;75
902;63
903;17
903;163
903;165
903;88
903;44
903;45
904;51
904;149
905;17
905;163
905;99
905;165
905;88
905;24
905;45
906;17
906;99
906;165
906;166
906;88
906;45
906;46
907;17
907;18
907;165
907;167
907;88
907;24
907;91
907;44
907;45
908;64
908;49
908;6
908;27
908;59
908;75
909;17
909;88
909;24
909;184
909;44
909;45
910;17
910;163
910;165
910;88
910;24
910;45
911;125
912;178
912;154
913;8
914;17
914;99
914;165
914;70
914;88
914;45
914;46
915;49
915;117
915;21
915;55
915;185
915;11
915;156
915;158
916;17
916;99
916;165
916;88
916;24
916;92
916;44
916;93
916;45
917;17
917;165
917;88
917;24
917;45
918;64
918;146
918;131
918;134
918;138
918;75
918;76
919;64
919;128
919;49
919;35
919;116
919;4
919;25
919;105
919;27
919;59
919;95
920;17
920;85
920;24
920;104
920;106
920;140
920;92
920;93
920;46
920;175
921;98
921;99
921;102
921;108
921;46
921;111
921;117
921;87
921;89
921;90
921;123
921;93
921;31
922;17
922;85
922;24
923;161
923;117
924;161
924;17
924;117
924;24
924;25
925;64
925;131
925;134
925;75
925;76
926;64
926;99
926;131
926;133
926;134
926;75
926;76
926;14
926;111
926;17
926;114
926;83
926;85
926;88
926;24
926;93
927;17
927;85
927;23
927;24
927;89
927;92
927;45
928;64
928;32
928;36
928;5
928;53
928;102
928;8
928;13
929;83
929;132
929;71
929;59
930;17
930;18
930;54
930;171
930;46
930;31
931;32
931;49
931;10
932;161
932;99
932;102
932;27
932;108
933;118
933;87
933;25
933;42
933;123
933;95
934;161
935;162
935;27
935;93
936;32
936;161
936;162
936;102
936;88
936;125
937;108
937;93
938;17
938;165
938;166
938;88
938;24
938;44
938;45
939;161
940;88
940;10
941;161
941;17
941;25
941;10
941;28
942;105
942;28
942;158
943;49
943;74
943;77
944;88
945;161
945;98
945;21
945;24
945;90
945;93
946;178
946;117
946;102
946;88
946;104
946;25
946;106
946;172
946;140
946;93
946;46
946;175
947;17
947;88
947;24
947;45
948;110
949;161
949;146
949;4
949;87
949;151
949;23
949;152
949;89
949;90
949;42
949;108
950;24
951;161
951;167
951;25
951;123
952;14
953;64
953;49
953;146
953;85
953;90
953;123
953;27
953;59
953;108
953;63
954;102
954;87
954;137
954;123
954;140
954;92
954;125
954;93
955;161
955;169
955;10
956;35
956;68
956;70
956;102
956;23
956;43
956;14
957;17
957;88
957;24
957;171
957;44
957;109
957;45
957;175
957;111
958;17
958;163
958;165
958;88
958;24
958;45
959;32
959;17
959;117
959;70
959;102
959;39
960;146
960;4
960;42
961;17
961;99
961;88
961;24
961;44
961;126
962;181
962;123
962;31
963;17
963;162
963;99
963;88
963;24
963;92
963;93
963;45
964;17
964;162
964;99
964;85
964;88
964;24
964;45
964;111
965;64
965;131
965;134
965;75
965;76
966;17
966;99
966;165
966;88
966;45
966;46
967;17
967;162
967;165
967;88
967;24
967;45
968;64
968;131
968;134
968;138
968;75
968;76
969;161
969;17
969;89
969;42
970;134
971;64
971;114
971;131
971;117
971;134
971;167
971;136
971;138
971;10
971;75
971;76
971;157
972;134
973;64
973;32
973;131
973;133
973;134
973;75
973;76
973;14
973;143
974;152
975;51
975;71
975;43
976;104
976;106
976;172
976;93
976;46
976;175
977;80
977;9
977;10
977;14
977;62
978;146
978;51
978;35
978;57
978;42
978;27
978;108
979;97
979;146
979;51
979;68
979;4
979;149
979;75
979;158
980;64
980;114
980;51
980;131
980;133
980;134
980;75
980;76
981;161
981;17
981;100
981;21
981;24
981;90
981;93
982;7
982;27
983;100
983;117
983;119
983;27
983;14
983;31
984;137
985;32
985;16
985;71
985;121
985;14
986;64
986;27
987;17
987;54
987;24
987;93
987;46
987;31
988;161
988;18
988;20
988;21
988;22
988;93
988;111
989;17
989;117
989;90
989;123
990;64
990;167
990;10
990;42
990;108
990;109
990;49
990;114
990;53
990;151
990;152
990;154
990;27
990;59
991;63
992;114
992;102
992;167
992;90
992;123
992;59
993;17
993;163
993;85
993;6
993;102
993;167
993;88
993;24
993;170
993;171
993;44
993;45
994;5
994;7
995;117
995;102
995;23
995;25
995;10
995;123
995;27
995;28
995;92
995;93
995;46
996;64
996;49
996;68
996;53
996;27
996;108
997;161
997;97
997;132
997;21
997;90
997;156
997;62
998;49
998;5
998;149
998;137
998;27
998;75
998;62
999;17
999;102
999;88
999;24
999;90
999;123
999;171
999;92
999;125
999;93
1000;64
1000;49
1000;19
1000;35
1000;4
1000;7
1000;27
1000;59
1001;17
1001;99
1001;117
1001;167
1001;25
1001;10
1001;92
1001;109
1001;93
1001;46
1002;117
1002;102
1002;24
1002;90
1002;125
1002;93
1002;46
1003;165
1003;26
1003;94
1004;117
1004;90
1004;92
1004;93
1004;78
1004;158
1004;46
1005;17
1005;114
1005;88
1005;24
1005;90
1005;93
1006;17
1007;48
1007;17
1007;36
1007;180
1007;100
1007;133
1007;137
1007;12
1008;17
1008;117
1008;165
1008;102
1008;167
1008;88
1008;93
1008;110
1008;46
1009;162
1009;115
1009;148
1009;20
1009;21
1009;102
1009;23
1009;90
1009;123
1009;75
1009;92
1009;46
1010;177
1010;17
1010;178
1010;167
1010;104
1010;106
1010;107
1010;92
1010;173
1010;93
1010;110
1010;46
1011;117
1011;102
1011;23
1011;25
1011;90
1011;123
1011;92
1011;93
1011;46
1012;6
1012;102
1012;39
1012;167
1012;8
1012;75
1012;14
1012;110
1013;64
1013;114
1013;10
1013;110
1014;161
1014;123
1014;108
1015;17
1015;24
1015;140
1015;125
1015;31
1016;49
1016;117
1016;87
1016;27
1016;140
1017;114
1017;99
1017;102
1017;167
1017;88
1017;92
1017;93
1017;46
1018;17
1018;99
1018;92
1018;93
1018;46
1019;17
1019;85
1019;165
1019;88
1019;24
1020;18
1020;114
1020;35
1020;117
1020;167
1020;90
1020;123
1020;108
1020;93
1021;64
1021;68
1021;132
1021;133
1021;10
1021;123
1022;17
1022;87
1022;10
1022;59
1022;46
1023;161
1023;17
1023;117
1023;165
1023;10
1023;123
1023;125
1024;4
1024;90
1024;75
1025;18
1025;24
1025;123
1025;46
1026;163
1026;99
1026;35
1026;117
1026;102
1026;23
1026;90
1026;92
1026;46
1027;17
1027;88
1027;140
1027;125
1027;93
1027;46
1028;17
1028;178
1028;151
1028;104
1028;106
1028;92
1028;93
1028;46
1029;35
1029;117
1029;92
1029;93
1029;46
1029;31
1030;17
1030;24
1031;68
1031;53
1031;42
1031;27
1031;108
1032;185
1032;127
1033;17
1033;18
1033;118
1033;88
1033;24
1033;25
1033;91
1033;44
1033;93
1033;45
1033;95
1034;7
1034;27
1035;134
1036;64
1036;134
1036;76
1037;146
1037;51
1037;53
1037;134
1037;108
1037;78
1038;64
1038;51
1038;35
1038;53
1038;149
1038;39
1038;23
1038;78
1038;31
1039;17
1039;163
1039;99
1039;88
1039;24
1039;169
1039;171
1039;45
1039;174
1040;17
1040;165
1040;88
1040;186
1040;171
1040;92
1040;45
1040;126
1041;17
1041;99
1041;24
1041;91
1041;92
1041;93
1041;45
1042;17
1042;99
1042;165
1042;167
1042;88
1042;24
1042;140
1042;92
1042;93
1042;45
1043;17
1043;18
1043;99
1043;102
1043;88
1043;24
1043;44
1043;45
1044;17
1044;162
1044;165
1044;88
1044;24
1044;44
1044;45
1045;17
1045;178
1045;165
1045;24
1045;186
1045;44
1045;109
1045;45
1045;126
1045;111
1046;17
1046;18
1046;165
1046;88
1046;24
1046;45
1047;156
1048;150
1048;103
1049;161
1049;17
1049;18
1049;180
1049;90
1049;140
1049;46
1049;175
1050;27
1050;108
1051;51
1051;131
1051;134
1051;138
1051;171
1051;75
1051;76
1051;63
1052;173
1053;134
1054;42
1055;7
1056;180
1056;88
1056;156
1056;110
1057;46
1058;64
1058;49
1058;35
1058;4
1058;53
1058;42
1058;27
1058;59
1059;145
1059;51
1059;131
1059;133
1059;134
1059;55
1059;59
1059;75
1059;156
1059;76
1059;78
1060;133
1060;134
1061;64
1061;145
1061;114
1061;131
1061;134
1061;136
1061;138
1061;139
1061;59
1061;75
1061;76
1061;63
1062;117
1062;102
1062;167
1062;88
1062;24
1062;92
1062;93
1062;110
1062;46
1063;64
1063;49
1063;146
1063;53
1063;42
1063;27
1063;59
1064;64
1064;49
1064;68
1064;105
1064;90
1064;123
1064;27
1064;59
1064;108
1064;158
1065;49
1065;114
1065;6
1065;88
1065;27
1065;156
1066;49
1066;114
1066;116
1066;133
1066;7
1066;103
1066;137
1066;123
1066;27
1066;75
1066;78
1066;62
1067;17
1067;117
1067;24
1067;91
1067;45
1068;161
1068;87
1068;110
1069;7
1069;27
1070;17
1071;114
1071;180
1071;117
1071;122
1071;10
1071;123
1071;92
1071;93
1071;126
1071;46
1072;97
1072;146
1072;117
1072;85
1072;123
1072;171
1072;93
1072;158
1072;46
1073;180
1073;26
1073;94
1074;146
1074;117
1074;85
1074;102
1074;90
1074;123
1074;92
1074;93
1074;46
1075;17
1075;88
1075;24
1075;45
1075;110
1076;138
1077;64
1077;49
1077;146
1077;68
1077;4
1077;25
1077;10
1077;27
1077;59
1077;158
1078;64
1078;49
1078;116
1078;5
1078;6
1078;27
1078;59
1078;75
1078;60
1078;62
1079;133
1079;7
1079;55
1079;27
1079;78
1080;5
1080;7
1080;143
1081;17
1081;85
1081;88
1081;24
1081;89
1081;171
1081;111
1082;88
1082;24
1082;123
1082;45
1083;35
1083;53
1083;57
1083;108
1084;117
1084;85
1084;123
1084;108
1084;140
1084;93
1084;126
1084;46
1085;117
1085;102
1085;23
1085;10
1085;123
1085;93
1085;46
1086;20
1086;21
1086;39
1086;171
1086;12
1086;92
1086;46
1086;111
1087;99
1087;35
1087;117
1087;125
1087;93
1087;46
1087;31
1088;17
1088;114
1088;99
1088;167
1088;88
1088;24
1088;92
1088;93
1088;45
1089;17
1089;85
1089;24
1089;171
1089;45
1089;174
1089;111
1090;17
1090;117
1090;25
1090;123
1090;125
1090;46
1090;111
1091;99
1091;24
1091;92
1091;93
1091;46
1092;17
1092;162
1092;85
1092;165
1092;88
1092;24
1092;44
1092;45
1093;19
1093;102
1093;24
1093;25
1093;90
1093;108
1093;93
1093;46
1093;31
1094;17
1094;24
1095;99
1095;102
1095;90
1095;92
1095;125
1095;93
1095;46
1096;99
1096;117
1096;102
1096;140
1096;92
1096;93
1096;46
1097;17
1097;102
1097;167
1097;171
1097;91
1097;125
1097;93
1097;45
1098;32
1098;132
1098;14
1099;17
1099;117
1099;85
1099;151
1099;89
1099;45
1099;46
1099;111
1100;161
1100;88
1100;42
1100;174
1101;163
1102;161
1102;97
1102;135
1102;158
1103;71
1103;10
1104;161
1104;146
1104;117
1104;87
1104;90
1105;19
1105;167
1105;24
1105;137
1105;125
1105;46
1106;163
1106;149
1106;123
1107;161
1107;25
1107;110
1108;99
1108;88
1108;24
1108;123
1108;125
1108;93
1108;46
1109;17
1109;88
1109;24
1109;45
1110;24
1110;25
1110;27
1110;91
1110;28
1110;92
1111;17
1111;24
1111;171
1111;125
1111;93
1111;110
1111;46
1112;49
1112;146
1112;53
1112;10
1112;123
1112;27
1112;125
1113;5
1113;6
1113;39
1113;7
1113;27
1113;75
1114;49
1114;146
1114;51
1114;68
1114;52
1114;57
1114;42
1114;27
1114;158
1115;17
1115;85
1115;165
1115;87
1115;24
1115;45
1116;17
1116;99
1116;167
1116;88
1116;44
1116;93
1116;45
1117;134
1118;76
1119;17
1119;163
1119;165
1119;88
1119;24
1119;45
1120;17
1120;85
1120;165
1120;88
1120;24
1120;45
1121;17
1121;99
1121;85
1121;165
1121;88
1121;45
1121;46
1122;114
1122;99
1122;85
1122;92
1122;45
1122;175
1122;111
1123;114
1123;99
1123;102
1123;91
1123;92
1123;93
1123;110
1124;114
1124;148
1124;117
1124;88
1124;24
1124;90
1124;171
1124;140
1124;93
1124;110
1125;161
1125;10
1126;115
1126;105
1126;14
1127;71
1128;146
1128;148
1128;133
1128;134
1128;7
1128;10
1128;139
1128;75
1129;44
1129;45
1130;67
1130;4
1130;69
1130;72
1130;25
1130;73
1131;17
1131;24
1132;17
1132;99
1132;91
1132;92
1132;93
1132;45
1133;17
1133;88
1133;24
1133;44
1133;45
1134;67
1134;69
1134;6
1134;72
1134;123
1134;63
1135;146
1135;116
1135;181
1135;149
1135;7
1135;27
1135;75
1135;108
1136;17
1136;165
1136;88
1136;24
1136;91
1136;125
1136;45
1136;126
1137;17
1137;99
1137;165
1137;91
1137;92
1137;93
1137;45
1138;17
1138;18
1138;165
1138;47
1139;17
1139;99
1139;117
1139;92
1139;93
1139;46
1139;111
1140;64
1140;49
1140;146
1140;4
1140;53
1140;27
1140;59
1141;17
1141;99
1141;88
1141;91
1141;95
1142;17
1142;99
1142;85
1142;165
1142;88
1142;24
1142;89
1142;45
1143;17
1143;99
1143;180
1143;102
1143;88
1143;24
1143;45
1144;97
1144;167
1144;25
1144;10
1144;123
1144;110
1144;46
1145;64
1145;98
1145;36
1145;4
1145;5
1145;103
1145;42
1145;78
1145;49
1145;114
1145;149
1145;53
1145;87
1145;27
1145;59
1146;17
1146;163
1146;85
1146;88
1146;24
1146;89
1146;93
1146;45
1147;17
1147;162
1147;99
1147;85
1147;165
1147;102
1147;88
1147;24
1147;91
1147;45
1148;69
1148;6
1148;73
1149;90
1149;94
1149;159
1150;17
1150;18
1150;99
1150;164
1150;88
1150;93
1150;47
1151;53
1151;7
1151;14
1152;64
1152;4
1152;101
1152;108
1152;85
1152;117
1152;53
1152;89
1152;57
1152;27
1152;59
1152;123
1152;63
1153;64
1153;51
1153;4
1153;53
1153;149
1153;25
1153;27
1153;108
1154;51
1154;53
1154;42
1154;27
1154;59
1154;78
1155;146
1155;19
1155;117
1155;88
1155;90
1155;123
1155;108
1155;92
1155;46
1155;31
1156;146
1156;51
1156;10
1157;117
1157;54
1157;102
1157;88
1157;24
1157;90
1157;93
1157;46
1157;31
1158;17
1158;88
1158;24
1158;44
1158;45
1159;17
1159;18
1159;163
1159;99
1159;88
1159;24
1159;47
1160;17
1160;18
1160;88
1160;24
1160;45
1161;17
1161;99
1161;165
1161;102
1161;88
1161;92
1161;45
1161;46
1162;17
1162;18
1162;163
1162;99
1162;165
1162;88
1162;186
1162;92
1162;45
1163;17
1163;178
1163;99
1163;85
1163;88
1163;24
1163;89
1163;171
1163;45
1163;111
1164;35
1164;53
1164;57
1164;108
1165;17
1165;92
1165;93
1165;46
1166;17
1166;117
1166;165
1166;102
1166;25
1166;90
1166;171
1166;140
1166;93
1166;46
1167;161
1167;137
1167;126
1168;163
1168;35
1168;99
1168;102
1168;48
1168;53
1168;87
1168;88
1168;27
1168;91
1168;123
1168;92
1168;93
1168;158
1168;31
1169;117
1169;21
1169;24
1169;90
1169;10
1169;123
1169;93
1169;46
1169;95
1170;64
1170;131
1170;133
1170;134
1170;138
1170;75
1170;76
1171;114
1171;117
1171;167
1171;88
1171;25
1171;125
1171;46
1172;146
1172;51
1172;4
1172;53
1172;167
1173;146
1173;51
1173;148
1173;100
1173;21
1173;134
1174;69
1174;72
1174;73
1174;127
1175;64
1175;49
1175;53
1175;7
1175;8
1175;9
1175;73
1175;27
1175;14
1175;142
1175;62
1176;17
1176;18
1176;165
1176;88
1176;47
1177;64
1177;7
1178;176
1178;1
1178;99
1178;148
1178;133
1178;134
1178;136
1179;17
1179;165
1179;88
1179;24
1179;45
1180;114
1180;117
1180;90
1180;123
1180;108
1180;110
1181;17
1181;114
1181;102
1181;24
1181;90
1181;93
1181;46
1182;17
1182;117
1182;102
1182;140
1182;125
1182;93
1182;46
1183;53
1183;57
1184;123
1185;64
1185;100
1185;7
1185;56
1185;42
1185;30
1185;62
1186;25
1187;17
1187;167
1187;88
1187;24
1187;91
1187;46
1188;17
1188;117
1188;102
1188;151
1188;123
1188;111
1189;97
1189;19
1189;163
1189;25
1189;27
1189;28
1189;158
1189;46
1190;26
1190;94
1190;159
1191;18
1191;114
1191;167
1191;24
1191;90
1191;10
1191;92
1191;93
1191;110
1191;46
1192;163
1192;117
1192;102
1192;123
1192;93
1192;46
1192;31
1193;8
1193;15
1194;161
1194;7
1194;93
1194;110
1194;111
1195;161
1195;114
1195;167
1195;90
1195;123
1195;171
1195;125
1196;16
1196;97
1196;132
1196;25
1196;110
1197;93
1197;46
1198;161
1198;151
1198;123
1198;59
1199;161
1199;102
1199;167
1199;123
1199;125
1200;161
1200;42
1200;46
1201;26
1201;94
1202;161
1202;24
1202;137
1202;90
1202;170
1202;123
1202;140
1202;46
1203;161
1203;102
1203;90
1203;123
1203;59
1203;110
1204;99
1204;117
1204;88
1204;92
1204;93
1204;46
1205;17
1205;162
1205;18
1205;102
1205;167
1205;88
1205;125
1206;163
1206;99
1206;24
1206;140
1206;92
1206;93
1206;46
1207;26
1207;90
1207;94
1207;159
1208;99
1208;117
1208;102
1208;90
1208;92
1208;93
1208;46
1209;102
1209;24
1209;90
1209;123
1209;171
1209;93
1210;35
1210;75
1210;141
1210;48
1210;146
1210;115
1210;21
1210;23
1210;27
1210;59
1210;123
1210;156
1210;92
1210;93
1211;49
1211;146
1211;27
1212;36
1212;4
1212;7
1212;39
1212;10
1212;12
1212;141
1212;14
1212;81
1212;50
1212;146
1212;53
1212;151
1212;25
1212;90
1212;125
1212;31
1212;63
1213;112
1214;145
1214;136
1214;40
1214;79
1215;32
1215;16
1215;83
1215;14
1216;17
1216;88
1216;186
1216;91
1216;92
1216;45
1217;17
1217;165
1217;88
1217;24
1217;171
1217;45
1218;17
1218;99
1218;165
1218;88
1218;45
1218;46
1219;99
1219;152
1219;88
1219;140
1219;93
1220;17
1220;165
1220;88
1220;24
1220;171
1220;92
1220;111
1221;17
1221;99
1221;88
1221;24
1221;92
1221;93
1221;45
1222;114
1222;101
1222;167
1222;90
1222;44
1222;93
1222;110
1223;17
1223;162
1223;114
1223;99
1223;165
1223;88
1223;24
1223;91
1223;45
1224;17
1224;88
1224;24
1224;45
1225;17
1225;99
1225;165
1225;88
1225;24
1225;170
1225;44
1225;45
1226;165
1226;26
1226;94
1227;17
1227;165
1227;167
1227;88
1227;24
1227;91
1227;45
1228;17
1228;167
1228;88
1228;10
1228;171
1228;45
1229;17
1229;99
1229;165
1229;88
1229;24
1229;91
1229;45
1230;115
1230;105
1230;75
1230;14
1230;62
1231;146
1231;51
1231;35
1231;101
1231;102
1231;151
1231;57
1231;105
1231;27
1231;61
1232;134
1232;10
1233;32
1233;49
1233;17
1233;162
1233;88
1233;24
1233;45
1234;17
1234;99
1234;88
1234;44
1235;26
1235;94
1236;17
1236;165
1236;88
1236;24
1236;171
1236;45
1237;178
1237;114
1237;165
1237;88
1237;26
1237;10
1237;94
1237;159
1237;111
1238;17
1238;163
1238;99
1238;85
1238;102
1238;88
1238;24
1238;45
1239;17
1239;165
1239;88
1239;24
1239;44
1240;17
1240;18
1240;99
1240;20
1240;167
1240;88
1240;24
1240;45
1241;17
1241;167
1241;23
1241;88
1241;24
1241;92
1241;45
1242;99
1242;165
1242;24
1242;92
1242;93
1242;45
1243;17
1243;18
1243;99
1243;165
1243;88
1243;93
1243;47
1244;17
1244;99
1244;180
1244;165
1244;102
1244;167
1244;88
1244;24
1244;171
1244;45
1245;17
1245;165
1245;88
1245;24
1245;45
1246;17
1246;85
1246;165
1246;88
1246;24
1246;171
1246;45
1247;17
1247;36
1247;165
1247;182
1247;88
1247;186
1247;91
1247;45
1248;17
1248;99
1248;165
1248;88
1248;45
1248;46
1249;64
1249;145
1249;51
1249;131
1249;134
1249;76
1249;157
1250;161
1250;18
1250;35
1250;90
1250;125
1251;53
1251;149
1251;6
1251;7
1251;105
1251;27
1251;59
1251;63
1252;64
1252;146
1252;7
1252;27
1252;108
1252;158
1253;49
1253;51
1253;52
1253;61
1254;64
1254;179
1254;131
1254;180
1254;134
1254;103
1254;136
1254;10
1254;59
1254;76
1254;157
1254;63
1255;146
1255;167
1255;10
1255;110
1256;98
1256;114
1256;102
1256;25
1256;123
1256;108
1256;28
1256;126
1256;46
1257;17
1257;163
1257;99
1257;165
1257;88
1257;24
1257;45
1258;17
1258;163
1258;88
1258;24
1258;109
1258;45
1258;111
1259;17
1259;165
1259;88
1259;24
1259;45
1260;50
1260;100
1261;3
1261;84
1261;153
1261;78
1262;32
1262;16
1262;133
1263;96
1263;32
1263;43
1264;88
1264;123
1264;45
1265;83
1265;132
1265;133
1265;14
1266;134
1267;64
1267;49
1267;4
1267;42
1267;27
1267;59
1267;108
1268;64
1268;49
1268;4
1268;53
1268;42
1268;27
1268;59
1268;108
1269;17
1269;146
1269;100
1269;117
1269;53
1269;90
1269;46
1269;31
1269;63
1270;67
1270;59
1271;116
1271;5
1271;6
1271;7
1271;27
1271;75
1271;142
1272;64
1272;49
1272;99
1272;85
1272;123
1272;27
1272;59
1272;108
1273;17
1273;99
1273;165
1273;88
1273;46
1273;111
1274;161
1274;110
1275;17
1275;98
1275;18
1275;99
1275;165
1275;88
1275;24
1275;47
1276;17
1276;18
1276;163
1276;99
1276;180
1276;165
1276;88
1276;47
1277;161
1277;26
1277;124
1278;17
1278;165
1278;167
1278;88
1278;24
1278;91
1278;45
1279;64
1279;81
1279;145
1279;147
1279;131
1279;148
1279;134
1279;136
1279;138
1279;75
1279;76
1279;78
1280;17
1280;98
1280;18
1280;88
1280;24
1280;137
1280;90
1280;62
1280;46
1281;17
1281;165
1281;88
1281;24
1281;45
1282;67
1282;73
1282;59
1283;17
1283;85
1283;102
1283;93
1284;17
1284;165
1284;88
1284;24
1284;44
1284;45
1285;134
1285;136
1285;76
1286;17
1286;85
1286;167
1286;88
1286;24
1286;186
1286;171
1286;92
1286;45
1287;18
1287;117
1287;39
1287;137
1287;140
1287;93
1287;46
1288;64
1288;75
1289;115
1289;131
1289;5
1289;133
1289;134
1289;7
1289;138
1289;139
1289;27
1289;76
1290;97
1290;133
1290;9
1290;105
1290;75
1290;14
1290;83
1290;117
1290;53
1290;87
1290;185
1290;25
1290;122
1290;123
1290;158
1291;99
1291;20
1291;21
1291;137
1291;92
1291;93
1291;46
1291;111
1292;64
1292;49
1292;146
1292;4
1292;53
1292;170
1292;123
1292;27
1292;59
1292;158
1293;117
1293;53
1293;123
1293;171
1293;140
1294;146
1294;51
1294;4
1294;53
1294;10
1294;27
1295;114
1295;134
1296;17
1296;98
1296;21
1296;165
1296;167
1296;88
1296;24
1296;90
1296;125
1296;93
1296;110
1297;146
1297;117
1297;90
1297;171
1297;92
1297;46
1297;31
1298;64
1298;32
1298;6
1298;38
1298;9
1298;43
1299;177
1299;146
1299;117
1299;85
1299;24
1299;10
1299;172
1299;140
1299;92
1299;173
1299;93
1299;46
1300;102
1300;88
1300;24
1300;91
1300;125
1300;93
1300;47
1301;117
1301;85
1301;102
1301;25
1301;90
1301;10
1301;123
1301;125
1301;93
1301;46
1302;17
1302;99
1302;88
1302;45
1302;46
1303;17
1303;18
1303;24
1303;93
1303;110
1303;46
1304;10
1304;141
1305;32
1305;16
1305;132
1305;79
1306;120
1306;10
1307;99
1307;92
1307;93
1307;158
1307;46
1308;64
1308;162
1308;27
1308;141
1309;117
1309;31
1310;18
1310;99
1310;180
1310;102
1310;88
1310;24
1310;140
1310;92
1310;93
1310;46
1311;97
1311;114
1311;24
1311;90
1311;171
1311;93
1311;46
1312;161
1312;85
1312;123
1312;110
1312;46
1313;17
1313;167
1313;89
1313;42
1313;123
1313;171
1313;108
1313;93
1313;174
1313;46
1313;175
1314;97
1314;17
1314;18
1314;99
1314;102
1314;24
1314;93
1314;158
1315;146
1315;114
1315;117
1315;102
1315;25
1315;90
1315;123
1315;92
1315;125
1315;93
1315;46
1316;17
1316;98
1316;24
1316;25
1316;10
1316;92
1316;125
1316;110
1316;46
1317;24
1318;161
1318;17
1318;156
1318;46
1319;64
1319;146
1319;87
1319;59
1319;108
1319;78
1320;117
1320;167
1320;87
1320;110
1321;25
1321;10
1321;27
1321;92
1321;93
1322;161
1322;146
1322;110
1323;49
1323;100
1323;27
1324;178
1325;17
1325;114
1325;88
1325;24
1325;45
1326;165
1326;104
1326;106
1326;107
1326;108
1326;140
1326;46
1326;175
1326;177
1326;17
1326;117
1326;123
1326;92
1326;93
1327;97
1327;123
1327;125
1327;46
1328;97
1328;98
1328;146
1328;114
1328;117
1328;85
1328;123
1329;17
1329;98
1329;87
1329;171
1329;78
1330;64
1330;161
1330;156
1331;161
1331;17
1331;109
1331;93
1332;123
1332;110
1333;163
1333;35
1333;117
1333;85
1333;167
1333;123
1334;17
1334;99
1334;88
1334;45
1334;46
1335;64
1335;27
1335;59
1335;109
1336;17
1336;99
1336;88
1336;44
1336;45
1336;46
1337;17
1337;88
1337;24
1337;44
1337;125
1338;17
1338;99
1338;167
1338;88
1338;24
1338;90
1338;93
1338;45
1338;111
1339;17
1339;18
1339;165
1339;88
1339;24
1339;45
1340;17
1340;117
1340;165
1340;88
1340;24
1340;59
1340;45
1341;85
1341;24
1341;44
1341;45
1342;51
1342;134
1342;75
1342;76
1343;17
1343;165
1343;88
1343;24
1343;171
1343;45
1343;174
1343;111
1344;17
1344;99
1344;164
1344;165
1344;88
1344;24
1344;125
1344;93
1344;45
1344;31
1345;64
1345;52
1345;5
1345;53
1345;6
1345;55
1345;14
1346;17
1346;18
1346;165
1346;47
1347;32
1347;16
1347;79
1348;64
1348;131
1348;133
1348;134
1348;138
1348;139
1348;75
1348;76
1349;114
1349;99
1349;91
1349;44
1349;93
1350;17
1350;99
1350;88
1350;45
1350;46
1351;85
1351;88
1351;10
1351;172
1351;108
1351;44
1351;93
1351;111
1352;17
1352;85
1352;165
1352;102
1352;88
1352;24
1352;171
1352;44
1352;93
1352;45
1353;7
1354;49
1354;151
1354;104
1354;107
1354;27
1355;17
1355;99
1355;24
1355;91
1355;93
1355;45
1356;17
1356;99
1356;165
1356;88
1356;24
1356;45
1356;175
1357;17
1357;165
1357;88
1357;186
1357;92
1357;93
1357;45
1357;126
1358;17
1358;18
1358;88
1358;24
1358;45
1359;17
1359;165
1359;118
1359;88
1359;91
1359;45
1359;46
1359;95
1360;134
1360;136
1361;71
1361;10
1362;161
1362;17
1362;104
1362;106
1362;92
1362;109
1363;64
1363;145
1363;146
1363;114
1363;131
1363;133
1363;134
1363;139
1363;75
1363;76
1363;63
1364;128
1364;97
1364;123
1364;158
1364;15
1365;176
1365;18
1365;148
1365;182
1366;32
1366;161
1366;100
1366;167
1366;27
1366;111
1367;1
1367;40
1367;10
1368;5
1368;57
1368;27
1369;27
1370;67
1370;4
1370;5
1370;69
1370;151
1370;59
1371;134
1372;17
1372;102
1372;103
1372;88
1372;140
1372;46
1373;64
1373;145
1373;147
1373;131
1373;133
1373;149
1373;134
1373;75
1373;76
1374;146
1374;51
1374;35
1374;7
1374;57
1374;27
1375;10
1375;79
1376;17
1376;99
1376;165
1376;88
1376;171
1376;44
1376;45
1376;174
1376;46
1377;17
1377;88
1377;24
1377;45
1378;17
1378;165
1378;88
1378;24
1378;170
1378;45
1378;126
1379;44
1380;17
1380;99
1380;165
1380;88
1380;24
1380;45
1381;17
1381;99
1381;165
1381;88
1381;45
1381;46
1382;17
1382;178
1382;165
1382;88
1382;24
1382;171
1382;44
1383;17
1383;163
1383;99
1383;88
1383;24
1383;25
1383;10
1383;92
1383;125
1383;45
1384;4
1384;69
1384;72
1384;8
1384;123
1384;59
1384;108
1385;64
1385;49
1385;146
1385;51
1385;35
1385;116
1385;4
1385;53
1385;42
1385;27
1385;141
1386;117
1386;90
1387;64
1387;100
1387;39
1387;151
1387;42
1387;27
1387;62
1387;31
1388;146
1388;117
1388;89
1388;42
1388;123
1388;108
1388;93
1388;46
1389;64
1389;146
1389;51
1389;53
1389;7
1389;59
1390;64
1390;117
1390;85
1390;165
1390;151
1390;123
1390;92
1390;93
1390;46
1391;17
1391;114
1391;117
1391;165
1391;10
1391;123
1391;171
1391;46
1391;111
1392;49
1392;146
1392;68
1392;53
1392;149
1392;27
1392;108
1393;26
1393;94
1394;17
1394;117
1394;90
1394;123
1394;140
1394;125
1394;93
1394;46
1394;31
1395;48
1395;117
1395;27
1395;171
1395;108
1395;92
1395;93
1396;97
1396;6
1396;71
1396;9
1396;105
1396;43
1396;174
1396;143
1396;48
1396;21
1396;25
1396;122
1396;27
1396;91
1396;93
1397;17
1397;180
1397;165
1397;88
1397;24
1397;171
1397;45
1397;111
1398;17
1398;162
1398;114
1398;117
1398;165
1398;102
1398;25
1398;10
1398;140
1398;46
1399;64
1399;49
1399;146
1399;68
1399;4
1399;167
1399;10
1399;27
1399;59
1399;158
1400;64
1400;49
1400;68
1400;4
1400;90
1400;123
1400;27
1400;59
1400;111
1401;17
1401;143
1402;178
1402;117
1402;183
1402;120
1402;104
1402;90
1402;106
1402;10
1402;107
1402;92
1402;93
1402;46
1403;85
1403;104
1403;106
1403;10
1403;107
1403;172
1403;92
1403;93
1403;46
1404;64
1404;49
1404;35
1404;68
1404;53
1404;7
1404;59
1404;108
1404;158
1404;63
1405;64
1405;5
1405;37
1405;7
1405;39
1405;135
1405;137
1405;9
1405;143
1405;50
1405;146
1405;52
1405;53
1405;59
1405;123
1405;158
1406;18
1406;20
1406;21
1406;102
1406;137
1406;10
1406;93
1406;46
1406;111
1407;7
1407;10
1407;27
1407;59
1407;142
1407;62
1408;87
1408;25
1409;101
1409;108
1409;146
1409;51
1409;147
1409;148
1409;180
1409;117
1409;23
1409;121
1409;27
1409;158
1409;63
1410;144
1410;49
1410;68
1410;6
1410;70
1410;8
1410;14
1410;62
1410;79
1410;143
1410;63
1411;114
1411;132
1411;133
1411;63
1412;161
1412;117
1412;6
1412;8
1412;27
1413;161
1413;10
1413;123
1413;125
1413;93
1413;110
1413;46
1414;97
1414;133
1414;25
1414;27
1414;43
1414;109
1414;93
1414;174
1414;158
1414;15
1415;161
1415;10
1415;140
1415;46
1415;31
1416;17
1416;165
1416;88
1416;24
1416;45
1417;161
1417;114
1417;21
1417;53
1417;102
1417;90
1417;171
1418;17
1418;99
1418;165
1418;88
1418;45
1418;46
1419;167
1420;161
1420;117
1420;25
1421;17
1421;24
1421;92
1421;93
1422;17
1422;88
1422;90
1422;91
1422;110
1422;46
1423;167
1423;87
1423;59
1423;171
1423;110
1424;123
1424;171
1425;114
1425;99
1425;117
1425;102
1425;89
1425;123
1425;125
1425;93
1425;46
1425;111
1425;31
1426;17
1426;167
1426;24
1426;90
1426;93
1426;45
1426;46
1427;161
1427;114
1427;150
1428;161
1428;114
1428;102
1428;90
1428;123
1428;111
1429;42
1429;123
1430;98
1430;114
1430;21
1430;24
1430;90
1430;93
1431;85
1431;90
1431;108
1432;26
1432;94
1433;161
1433;178
1433;102
1433;185
1433;137
1433;25
1433;122
1433;123
1434;17
1434;85
1434;88
1434;24
1434;44
1434;45
1435;17
1435;167
1435;88
1435;140
1435;45
1436;51
1436;4
1436;5
1436;53
1436;42
1436;10
1436;27
1437;17
1437;165
1437;88
1437;24
1437;171
1437;45
1438;17
1438;18
1438;163
1438;99
1438;165
1438;88
1438;24
1438;47
1439;17
1439;88
1439;24
1440;49
1440;21
1440;5
1440;7
1440;186
1440;27
1440;59
1440;43
1440;14
1440;63
1441;112
1441;17
1441;178
1441;117
1441;85
1441;167
1441;10
1441;171
1441;92
1441;173
1441;93
1441;46
1442;17
1442;165
1442;88
1442;24
1442;171
1442;93
1442;45
1442;111
1443;99
1443;117
1443;25
1443;123
1443;171
1443;93
1443;158
1443;46
1444;97
1444;17
1444;98
1444;146
1444;114
1444;117
1444;102
1444;46
1445;17
1445;85
1445;24
1445;93
1445;46
1446;17
1446;35
1446;117
1446;54
1446;167
1446;93
1446;46
1446;31
1447;42
1447;27
1448;161
1448;140
1449;134
1450;49
1450;17
1450;165
1450;88
1450;24
1450;171
1450;45
1451;17
1451;99
1451;24
1451;91
1451;92
1451;93
1451;45
1452;17
1452;99
1452;165
1452;167
1452;88
1452;24
1452;45
1453;17
1453;18
1453;167
1453;88
1453;24
1453;44
1454;17
1454;99
1454;24
1454;92
1454;93
1454;45
1455;64
1455;49
1455;68
1455;27
1455;59
1455;108
1455;63
1456;17
1456;85
1456;88
1456;24
1456;45
1456;31
1457;17
1457;114
1457;99
1457;164
1457;102
1457;88
1457;24
1457;92
1457;45
1458;17
1458;88
1458;171
1458;44
1458;45
1458;111
1459;17
1459;85
1459;165
1459;88
1459;89
1459;45
1459;111
1460;161
1460;35
1460;24
1460;25
1460;90
1460;93
1461;64
1461;10
1461;63
1462;134
1462;136
1463;27
1464;32
1464;64
1464;35
1464;100
1464;6
1464;70
1464;39
1464;136
1464;40
1464;9
1464;78
1464;14
1464;111
1464;176
1464;49
1464;181
1464;151
1464;62
1464;31
1465;132
1465;133
1465;138
1465;10
1465;141
1465;78
1465;16
1465;19
1465;148
1465;149
1465;87
1465;23
1465;88
1465;25
1465;90
1465;93
1465;31
1465;161
1465;98
1465;35
1465;102
1465;103
1465;108
1465;46
1465;113
1465;51
1465;180
1465;116
1465;181
1465;184
1465;59
1466;131
1466;132
1466;6
1466;134
1466;7
1466;8
1466;136
1466;137
1466;138
1466;12
1466;141
1466;14
1466;143
1466;144
1466;145
1466;146
1466;147
1466;21
1466;149
1466;150
1466;23
1466;151
1466;152
1466;25
1466;153
1466;27
1466;28
1466;30
1466;31
1466;37
1466;42
1466;175
1466;51
1466;54
1466;55
1466;184
1466;185
1466;186
1466;60
1466;62
1466;66
1466;67
1466;68
1466;70
1466;75
1466;76
1466;78
1466;80
1466;81
1466;85
1466;86
1466;87
1466;89
1466;90
1466;92
1466;97
1466;98
1466;103
1466;105
1466;113
1466;121
1466;122
1466;127
1467;131
1467;100
1467;5
1467;137
1467;10
1467;75
1467;140
1467;12
1467;141
1467;142
1467;144
1467;51
1467;179
1467;116
1467;84
1467;20
1467;22
1467;55
1467;87
1467;27
1467;62
1468;98
1468;166
1468;102
1468;137
1468;75
1468;108
1468;140
1468;78
1468;46
1468;111
1468;146
1468;115
1468;148
1468;180
1468;23
1468;88
1468;89
1468;90
1468;123
1468;93
1468;31
1469;64
1469;36
1469;100
1469;5
1469;133
1469;70
1469;137
1469;75
1469;78
1469;110
1469;49
1469;114
1469;115
1469;149
1469;53
1469;23
1469;152
1469;25
1469;27
1469;59
1469;123
1469;60
1469;31
